test/output_verify/mgVerify7_curmap.asc
ncols         481
nrows         355
xllcorner     616786.15983
yllcorner     3390338.66736
cellsize      30.0
NODATA_value  -9999
[rows 66 to 87 of 355, columns 250 to 299 of 481]
0.01716447755 0.01720908788 0.0186014502 0.02105191334 0.0234257957 0.02446910283 0.02558490792 0.02894062653 0.05214464581 0.0457786511 0.0270206639 0.02013537107 0.03658011054 0.04418725664 0.03171770042 0.02808199112 0.02706077069 0.03438333499 0.01502161062 0.03558083944 0.04056156924 0.05080964487 0.0490279525 0.02361456266 0.02348212292 0.02349689609 0.02349777382 0.02343345726 0.02330725945 0.02313872826 0.02294493712 0.02273692256 0.02252108436 0.02230089945 0.02207814553 0.02185366928 0.02162784704 0.02140086029 0.02117285928 0.02094406306 0.02071482863 0.02048570066 0.02025745062 0.02003111402 0.01980802329 0.01958983703 0.01937857034 0.01917662146 0.01898679491 0.01881232523
0.01715444216 0.01717344998 0.0183410842 0.02285683603 0.02601198759 0.02375024252 0.02407051744 0.03002707209 0.03692215733 0.03021681141 0.02749263317 0.02224768534 0.04268088832 0.04269264029 0.02885283987 0.02790831861 0.02976295151 0.0394387996 0.0415032333 0.04064682803 0.04411069779 0.04327866114 0.03714411438 0.02282224852 0.02308629251 0.02337780289 0.02352854341 0.02351586121 0.0233942136 0.02321380535 0.02300360912 0.02277907603 0.02254808008 0.0223144277 0.02207979742 0.02184479609 0.0216095339 0.02137394213 0.02113795015 0.02090159133 0.02066507264 0.0204288279 0.02019356281 0.01996029883 0.01973041526 0.01950569179 0.01928834847 0.01908108818 0.01888714041 0.01871030892
0.05047411968 0.04640844959 0.0464380768 0.04092140781 0.02816845256 0.02319917976 0.02647474304 0.06030199811 0.06088421039 0.03229335748 0.03014622975 0.04726096428 0.03920587001 0.01910363659 0.02404672164 0.02568656562 0.02774590267 0.02409004528 0.03713611699 0.03645411969 0.03850356736 0.03086172351 0.0313824845 0.02171407763 0.02270159775 0.023465045 0.023736994 0.02369860717 0.02353361057 0.02331499703 0.02307461302 0.02282662473 0.02257717731 0.02232865752 0.02208169532 0.02183614133 0.02159155533 0.02134745741 0.02110346052 0.02085934671 0.02061512299 0.0203710683 0.02012777907 0.01988622021 0.01964777713 0.01941430756 0.01918819658 0.01897241044 0.01877055412 0.01858694338
0.04998894664 0.05302185028 0.05694192042 0.05363238311 0.02936329608 0.05691596547 0.07471227253 0.06787549174 0.02640096349 0.02950430964 0.0300335306 0.02503831249 0.01827802603 0.01918303729 0.02099681915 0.02301275571 0.02317970502 0.02294971023 0.01931836774 0.02719021961 0.01267765508 0.02618826901 0.02787024085 0.01995393969 0.02288486773 0.02416606597 0.02418754597 0.0239847413 0.02371696652 0.02343369136 0.02315123639 0.02287469127 0.02260490745 0.02234113848 0.02208211819 0.02182651483 0.02157311931 0.02132092357 0.02106915394 0.02081729132 0.02056509761 0.02031265044 0.02006038768 0.01980916503 0.01956031953 0.01931573444 0.01907790644 0.01885000887 0.01863595528 0.01844048079
0.04360642779 0.04897015811 0.05529356956 0.07060757059 0.07386083399 0.06682384577 0.06356954438 0.02376912161 0.02399157656 0.02438672197 0.02462330999 0.02196437405 0.01958513187 0.01953826168 0.02070172952 0.02136700622 0.02071763475 0.01916088503 0.01832607073 0.0143538931 0.01368004393 0.0362763768 0.0286876385 0.0184658019 0.02649919327 0.025375372 0.02478916413 0.02431470329 0.02390909501 0.02354906867 0.02322097639 0.02291563202 0.02262651476 0.02234887053 0.02207916796 0.02181474101 0.02155355156 0.02129403778 0.02103502111 0.02077565771 0.02051543032 0.02025416906 0.01999209604 0.01972989304 0.01946878071 0.01921060161 0.01895790198 0.01871400016 0.01848304637 0.01827008522
0.03884166687 0.04157635761 0.04551169606 0.02450532848 0.05060846408 0.0481692653 0.02018134625 0.02158377006 0.02144591534 0.02236835651 0.02222968895 0.02141103852 0.02052124955 0.02023442349 0.020521637 0.02091861474 0.02093573546 0.01788090777 0.01771068812 0.01680727164 0.04255758987 0.0430551211 0.02901918799 0.03917932643 0.02862594665 0.0264107557 0.02528878598 0.02458129782 0.02405775568 0.02363365796 0.02326869555 0.02294083897 0.02263699243 0.02234890487 0.02207111965 0.02179986328 0.0215324159 0.02126675064 0.02100132803 0.0207349876 0.02046691081 0.02019663273 0.01992409177 0.01964971383 0.01937451592 0.01910021715 0.01882934326 0.0185653034 0.01831242991 0.01807598986
0.03435846869 0.03271360238 0.01531659179 0.02227301177 0.01981619304 0.01699328615 0.01905163574 0.0195325123 0.02044468298 0.02094688439 0.02107035506 0.02083687424 0.02049542509 0.02025317148 0.02030161172 0.02082936058 0.0219827953 0.03498599551 0.04222820736 0.04813464323 0.04710589843 0.01626910335 0.01518987591 0.03877664411 0.02848318332 0.02663436583 0.02547345599 0.02468994444 0.02411670915 0.02366353496 0.02328159758 0.02294331333 0.02263246065 0.02233909379 0.02205683122 0.02178136662 0.0215096325 0.02123932725 0.02096864867 0.02069615388 0.02042070877 0.02014149982 0.01985809662 0.01957056139 0.01927959045 0.01898865998 0.01869610527 0.01840571415 0.01812565405 0.0178595324
0.0319384019 0.02880706773 0.02994955981 0.01967565396 0.02100288231 0.01781944992 0.01803261338 0.01885126037 0.01956047998 0.02007218251 0.02031380859 0.02036501688 0.02029075112 0.02008386147 0.01953389136 0.02006625592 0.02239429371 0.02121255774 0.02431529679 0.05647404472 0.04025609883 0.03363650249 0.04109355828 0.03901617807 0.02720563925 0.02624058739 0.02531736623 0.02460936778 0.02406609563 0.02362766928 0.02325382335 0.02292001728 0.02261139457 0.02231873696 0.02203608058 0.02175934674 0.0214855556 0.02121237608 0.02093787029 0.02066035949 0.02039879523 0.02013949682 0.01987158325 0.01959358448 0.01930433991 0.01900519203 0.01869215978 0.01836667121 0.01803463427 0.01769756051
0.03142857758 0.03025976302 0.02912416058 0.03888310846 0.02154732534 0.01853194148 0.01780320614 0.01836989993 0.01902713999 0.01945848324 0.01975938316 0.01999643893 0.02016629278 0.02015063746 0.01952343348 0.01863756273 0.02308225948 0.03939085517 0.05423949036 0.02174693497 0.01838242558 0.03293449518 0.04059097477 0.03749526177 0.02661183145 0.02574285364 0.02492203198 0.02436961174 0.02391742907 0.02353168113 0.02318863617 0.02287305141 0.02257523615 0.02228888604 0.02200970391 0.02173455787 0.02146097171 0.02121698892 0.02097265695 0.0207243205 0.02049029542 0.02025594786 0.02000905722 0.01974637131 0.01946448244 0.01916007023 0.01883027911 0.0184731924 0.01808829487 0.01767672242
0.0313806331 0.02683757954 0.02928271097 0.01944412993 0.02113530618 0.01753230391 0.01679111965 0.01820061217 0.01875180222 0.01893910066 0.01925893269 0.01967519078 0.0201503637 0.02064996575 0.02088068852 0.0298688851 0.0249959561 0.051892219 0.01842449487 0.01790233075 0.0200707259 0.02058469762 0.04672983762 0.02584864048 0.02681697212 0.02538711615 0.02458007063 0.02409289973 0.02370580117 0.02339544946 0.02309752688 0.02280923825 0.02252815611 0.02226358734 0.02201746918 0.02177532562 0.02153490782 0.02132435064 0.02111363286 0.02089882417 0.02067726788 0.02044585293 0.02020092018 0.01993823987 0.01965310448 0.01934060058 0.0189961208 0.01861612288 0.01819902168 0.01774591353
0.03301330055 0.02573456363 0.01461295629 0.01795876469 0.01989033956 0.01692730316 0.01658046018 0.01963638285 0.01833556919 0.01825632095 0.01867795938 0.01930199849 0.02008726802 0.02118453489 0.02315327612 0.03341522449 0.04844056097 0.01915856606 0.01704023227 0.01861393351 0.04675205492 0.04957443865 0.04326786017 0.03231802538 0.02586753859 0.02486269057 0.02430210778 0.02390411437 0.02358080622 0.02331959557 0.02306277944 0.02281135793 0.02256502715 0.02233432828 0.02212197852 0.02191404068 0.02170865401 0.02150404468 0.02129830182 0.02108918395 0.02087393319 0.02064909912 0.02041037561 0.0201524819 0.01986916015 0.01955340223 0.01919806273 0.01879699528 0.01834666944 0.01784788373
0.03707521918 0.03610807847 0.01645652628 0.01573130352 0.02170113484 0.02851356128 0.03369976283 0.01989915357 0.01693037054 0.01719730384 0.01796489718 0.01880080643 0.01978680158 0.02111756691 0.02353852657 0.03341534539 0.01407357412 0.01525061474 0.0195485119 0.04135419082 0.02432258124 0.02537011281 0.03797973469 0.0176297556 0.02399197792 0.02399917015 0.02393302343 0.02376647824 0.02356241785 0.0233456872 0.02312708358 0.02291084551 0.02269833922 0.02248974396 0.0222847541 0.02208281868 0.02188317218 0.02168477367 0.0214861949 0.02128547271 0.02107992758 0.02086594145 0.02063869593 0.02039189828 0.02011756429 0.01980602656 0.01944647677 0.0190284465 0.01854449472 0.01799376469
0.04176844237 0.04532192231 0.04636188254 0.03231562214 0.02279972885 0.02706319999 0.01876607366 0.02080681737 0.01497983809 0.01633663424 0.01691945727 0.01833807438 0.01925189269 0.02016656928 0.02168626415 0.01672722257 0.01212374614 0.01446594667 0.02211758651 0.02521645912 0.02609999206 0.0300564388 0.03016687579 0.0204975414 0.0220600373 0.023340297 0.02364029882 0.02365898615 0.02355967381 0.02340637639 0.02322723157 0.02303587485 0.02283935524 0.02264149735 0.02244441936 0.02224922948 0.0220563309 0.02186552986 0.02167602513 0.02148631325 0.02129401454 0.02109560838 0.02088605763 0.02065831746 0.02040275626 0.02010664423 0.01975415414 0.01932775934 0.01881215695 0.01820101545
0.04502808588 0.04821588862 0.04977185683 0.04571646253 0.02084308385 0.01893268772 0.0207055657 0.02074770185 0.03170859002 0.01567186748 0.01676080604 0.0188527861 0.01817136947 0.01900681264 0.01860918624 0.01571194087 0.01355491978 0.03229972749 0.03821471552 0.03985585828 0.03993838407 0.02177500728 0.04506501943 0.02341968352 0.02284253726 0.02323407537 0.02356745376 0.02364835487 0.02360294404 0.02348944747 0.0233379612 0.0231652504 0.02298126847 0.02279220348 0.02260200503 0.02241318183 0.02222722011 0.02204479082 0.02186581353 0.02168941559 0.0215137764 0.02133584112 0.02115085113 0.02095162039 0.02072748516 0.02046291254 0.02013607854 0.0197187477 0.01918049721 0.01850040135
0.04691427408 0.04912402848 0.05108884688 0.05411858909 0.0515418375 0.02194418417 0.04722128827 0.05359404962 0.03864924436 0.04590390824 0.03919112197 0.01934535892 0.018719111 0.01980562319 0.0211717608 0.01758207813 0.04298075105 0.04583172666 0.04446426328 0.04336727773 0.03892323946 0.04618718158 0.04275834867 0.02472521089 0.02380710958 0.02357777895 0.02370735795 0.02374893922 0.02370743844 0.02360717679 0.02346815837 0.02330490323 0.02312766312 0.02294365006 0.02275793333 0.02257404414 0.02239436618 0.02222037537 0.0220527564 0.02189141229 0.02173535581 0.02158244733 0.02142890048 0.02126842264 0.02109075289 0.02087924204 0.02060709678 0.02023265029 0.01969876163 0.01894913714
0.04821038388 0.0504628548 0.05322309783 0.05729836886 0.06121837529 0.06368923367 0.02254602497 0.02145433153 0.04634604411 0.05100780786 0.05170104824 0.05689355637 0.05051212435 0.04546519198 0.02435882614 0.05359775225 0.05423366089 0.04945231359 0.04567913474 0.04306640186 0.04184008569 0.04162821456 0.03640608407 0.02496393371 0.02429945748 0.0239843126 0.02395651166 0.02393263301 0.02386880768 0.02376198358 0.02362136924 0.02345768379 0.02328022814 0.02309636768 0.02291171144 0.02273043839 0.02255560192 0.02238936889 0.02223317664 0.02208780243 0.02195333508 0.02182900599 0.02171279794 0.02160066766 0.02148503274 0.02135181322 0.02117458539 0.02090316085 0.0204434505 0.0196576223
0.0492036561 0.05151969722 0.05432532869 0.05772984074 0.06252671803 0.06303921905 0.06599130157 0.06099041006 0.05232444824 0.05322355266 0.05715665146 0.06047758337 0.05963152998 0.05708890728 0.07212459987 0.06312816592 0.05613306341 0.05018971754 0.04603377843 0.04290324679 0.04068886683 0.03922111374 0.03377404948 0.02560562636 0.02449273869 0.02429761186 0.02422729127 0.02416558209 0.024075278 0.02395055852 0.02379709311 0.02362362859 0.02343867693 0.02324946579 0.02306178331 0.02288014201 0.0227080265 0.02254813719 0.02240258755 0.02227305112 0.02216084035 0.02206690419 0.02199168768 0.02193473052 0.02189371484 0.02186223338 0.02182439627 0.02174100902 0.02151201338 0.02085417777
0.0498946372 0.05213431246 0.05468368335 0.05761083024 0.06060361195 0.06492492677 0.0680936877 0.0648387583 0.05908604707 0.05605616106 0.0571311098 0.05808752649 0.0583860746 0.06089656972 0.06357811867 0.06136224832 0.05465984327 0.04966249453 0.04544689389 0.04183527798 0.03863081293 0.03645212073 0.03457234165 0.02433273066 0.02450509148 0.02453167308 0.02450790218 0.02443446357 0.02431873022 0.02416839975 0.02399259182 0.0238006243 0.02360094287 0.0234006573 0.02320551563 0.02302009353 0.02284805818 0.02269244113 0.02255588678 0.02244087769 0.02234994198 0.02228585785 0.02225186159 0.02225186444 0.02229062619 0.02237367867 0.02250622685 0.02268806504 0.02289125139 0.02296631533
0.05033927816 0.05243245029 0.05467857315 0.05703250798 0.0594694517 0.06161831022 0.06231897692 0.06100784957 0.05885257204 0.05752096325 0.05723820746 0.05728238225 0.05727362834 0.05741381467 0.05757005999 0.05585032057 0.05234763457 0.04824634833 0.04428705004 0.04040439031 0.03626886218 0.03097363206 0.01269766146 0.02391690458 0.02455884246 0.02482373146 0.02483701105 0.02474633519 0.02459728959 0.02441172221 0.02420393398 0.02398490689 0.02376339798 0.02354635701 0.02333926364 0.02314647377 0.02297156042 0.02281763656 0.02268765524 0.02258470358 0.02251232617 0.022474922 0.02247829715 0.02253052174 0.02264336197 0.02283485699 0.02313433342 0.02359308038 0.02431078336 0.0255009477
0.05063274629 0.05257050605 0.05452882547 0.05645072803 0.05820140943 0.05948807249 0.05995893555 0.05954392303 0.05864188926 0.05778997924 0.05720876347 0.05674990898 0.05609280948 0.05521997605 0.05441279606 0.05267422963 0.04996863951 0.046632589 0.0429886927 0.03910533806 0.03472233282 0.02874870573 0.03207483531 0.02528262363 0.0251340166 0.02529216127 0.02525431734 0.02511202734 0.024910823 0.02467645492 0.02442589102 0.02417114113 0.02392095205 0.02368178053 0.02345848139 0.02325484365 0.02307402599 0.02291892774 0.02279252175 0.02269819298 0.02264012643 0.0226238252 0.02265688061 0.0227502283 0.02292036395 0.02319354264 0.02361444557 0.02426610001 0.02532226852 0.02723155457
0.05087345062 0.05267852422 0.05440412439 0.05598789829 0.0573246855 0.05826973651 0.05870326979 0.05863084241 0.0582106135 0.05764897759 0.05705555626 0.05638470315 0.05547604953 0.05413655645 0.05269137639 0.05069899467 0.04818247233 0.04522113498 0.04199504431 0.03858108762 0.03500093624 0.03263784076 0.02992384296 0.0271777344 0.02604418906 0.02593107974 0.02576466621 0.02553224874 0.02525534406 0.02495606026 0.02465112291 0.0243521637 0.02406703126 0.02380102821 0.02355785973 0.02334032036 0.02315079396 0.02299164225 0.02286553576 0.02277578651 0.02272673609 0.02272428137 0.0227766568 0.02289569682 0.02309899179 0.02341377963 0.02388436652 0.02458698868 0.02566083739 0.02735321481
0.05115232883 0.05286029626 0.05440828607 0.05575329982 0.05683959508 0.05760678606 0.05801696578 0.05808463248 0.05787860842 0.05748350151 0.05694621168 0.05624630822 0.05530657806 0.054033437 0.05236610118 0.0503097866 0.04795731325 0.04533861829 0.04257081354 0.03972174451 0.03690749731 0.03391817946 0.03028981728 0.02724650015 0.02694901713 0.02665282673 0.02634521661 0.02599571134 0.02562039917 0.0252397912 0.02486929054 0.02451864235 0.02419353581 0.02389719022 0.0236314987 0.02339778138 0.02319727786 0.02303149467 0.02290248445 0.02281311716 0.02276739897 0.02277089375 0.02283132504 0.02295947965 0.02317058719 0.02348640859 0.0239381377 0.02456895121 0.0254274227 0.02651091824
