test/output_verify/mgVerify7_curmap.asc
ncols         481
nrows         355
xllcorner     616786.15983
yllcorner     3390338.66736
cellsize      30.0
NODATA_value  -9999
[rows 66 to 87 of 355, columns 300 to 349 of 481]
0.01865689501 0.01852464043 0.01842013133 0.01834829244 0.01831421956 0.01832283905 0.01837837032 0.01848362947 0.01863938197 0.01884423435 0.01909601799 0.0193964867 0.0197633447 0.02054776689 0.02185060181 0.02391653974 0.03266160217 0.04535965807 0.04771640725 0.04662305658 0.04680843853 0.04778597946 0.04888036918 0.04974016417 0.05076675294 0.05188199111 0.05369134509 0.05541263253 0.05712694427 0.0589187681 0.06088068617 0.06315746838 0.0660796462 0.07106384746 0.07688893124 0.03151274659 0.03238645408 0.03649831402 0.1058871352 0.1117993252 0.108597615 0.0810696416 0.01137353782 0.01221814755 0.01302604855 0.01396101022 0.01475291821 0.01575700997 0.01652496684 0.01703385366
0.01855503118 0.01842644519 0.01833045174 0.01827374176 0.01826371701 0.01830819501 0.01841477197 0.01858976659 0.0188368795 0.01915611257 0.01954405674 0.01999730758 0.02052143857 0.02114739839 0.02205951152 0.02292367097 0.03192468059 0.03919950228 0.04340397112 0.04495861238 0.04567855155 0.04633693884 0.04696211938 0.0476578376 0.04880056628 0.05035309539 0.05215310171 0.05390634096 0.05563302935 0.05736284153 0.05912149905 0.06091044521 0.06262299825 0.06315038977 0.05526902823 0.04827692794 0.05173672359 0.07771447921 0.09437442303 0.09872999159 0.1002427455 0.07662699021 0.00986445604 0.01117022815 0.01234925842 0.01317136097 0.01414555975 0.01501748789 0.01577220858 0.0164012874
0.0184267021 0.01829589646 0.01820171388 0.01815265848 0.01815868738 0.01823111242 0.01838198258 0.01862260082 0.01896100625 0.01939882235 0.01992869247 0.02053399286 0.02119163854 0.02187468627 0.02253494553 0.02305585844 0.03356853614 0.03823112487 0.04162995906 0.04355958274 0.04448472689 0.04492305276 0.0451714658 0.04594197978 0.04710684367 0.04887828544 0.0506691201 0.05242888551 0.05413470577 0.0557736335 0.05731529387 0.058659774 0.05947933785 0.05884433215 0.05694376661 0.05629463977 0.06093907071 0.0700197022 0.078574071 0.08263905347 0.08642882049 0.07958963995 0.009587899448 0.01160246766 0.01199229212 0.01285367656 0.01361922762 0.01440573148 0.01515790971 0.01587411289
0.0182692624 0.01812911329 0.01802829078 0.01797693004 0.01798755433 0.01807546914 0.01825856995 0.01855573835 0.01898288318 0.01954642368 0.02023578951 0.0210179078 0.02183528779 0.02260556172 0.0232212371 0.02356076872 0.03623274077 0.0389369121 0.0415541375 0.04310098147 0.0436922545 0.04366324664 0.04348872703 0.04415632068 0.04560712517 0.04739533087 0.04922547711 0.05100861959 0.05269935889 0.05426657247 0.05566204279 0.05678386409 0.05744490936 0.05756104348 0.05755533595 0.05852045682 0.06132221317 0.06544289417 0.06898022075 0.0699805415 0.07007444528 0.06323891313 0.04731571042 0.01045238831 0.01238893744 0.01239703194 0.01311474259 0.01383050373 0.01458730141 0.01537145246
0.01808116343 0.01792354308 0.01780610955 0.01774007065 0.01774000088 0.01782514373 0.01802049231 0.01835626625 0.01886319435 0.01956115359 0.02044276488 0.02145961073 0.02251836517 0.02348371772 0.02418764548 0.0244650632 0.03918614578 0.04161134069 0.04265704384 0.04366295413 0.04354026566 0.0425948602 0.04170365285 0.04221220918 0.04393390629 0.04589092876 0.04784247993 0.04968452324 0.05138285475 0.05291702392 0.05425356752 0.05533857175 0.05612990879 0.05669016208 0.05728024732 0.058273184 0.05981883555 0.06150403448 0.06236240276 0.06113720924 0.05714575843 0.05282919441 0.04481908463 0.03420306977 0.01024201456 0.01214063074 0.01244785834 0.0132913544 0.01398795872 0.01477995842
0.01786221375 0.01767843364 0.01753348943 0.0174386096 0.01740901532 0.01746647691 0.01764280005 0.01798313953 0.01854434888 0.01937896826 0.02050035094 0.02184777953 0.02328345709 0.02461831379 0.02560193812 0.02593570746 0.04250017719 0.04498255166 0.04502208916 0.04551066176 0.04439135684 0.04163108966 0.03927186626 0.03982133296 0.04208194269 0.04443729432 0.04658510609 0.04850587985 0.05022568059 0.05175717257 0.05309221783 0.05421289271 0.05511841638 0.05585940745 0.0565430455 0.05726388794 0.05796815103 0.05834192549 0.05781637877 0.05570088595 0.05149821791 0.04562053814 0.03999181835 0.03200136517 0.02461946193 0.009223479901 0.01196765544 0.0133180121 0.01290327984 0.01398332556
0.01761366945 0.01739512586 0.01721188994 0.01707368435 0.01699386186 0.01699307831 0.01710571187 0.01739017813 0.01794169575 0.01888450175 0.02030430609 0.0221351507 0.02414342882 0.02606374801 0.02768094228 0.02837421086 0.04644178522 0.04853320227 0.04787153082 0.04933867842 0.0482145301 0.04008647178 0.03514440642 0.03668551203 0.04034728489 0.04323925501 0.04555756226 0.04752179219 0.04924972402 0.0507894394 0.05214869259 0.05331897356 0.05429593712 0.05509135964 0.05572398856 0.05618064965 0.05636051922 0.056038409 0.05488356155 0.05255297124 0.04883357488 0.04378771438 0.03766998019 0.03103801156 0.02274677914 0.01749527815 0.01794344893 0.009350181014 0.0111141663 0.0130739133
0.01735971349 0.01707692804 0.01684618265 0.01665228531 0.01650334997 0.01641287109 0.0164078018 0.01654478961 0.01694507912 0.01786366896 0.01961804591 0.02223877887 0.0251476711 0.0277892046 0.03025459612 0.03298762758 0.05155712384 0.05126592188 0.04994389019 0.05255389532 0.04716612216 0.02808014546 0.02721233286 0.0344003545 0.03949145926 0.04257596487 0.0448535373 0.04675431394 0.04845067627 0.04999750763 0.05139576253 0.0526248938 0.05366026117 0.05447909764 0.05505361304 0.05533213421 0.05521726379 0.05455729396 0.05316645671 0.05087762333 0.04761238075 0.04342619986 0.03851353374 0.0330699816 0.02770304155 0.02309962147 0.0198390408 0.02266371426 0.02785580701 0.03108527269
0.0172410282 0.01683543222 0.01645419613 0.01618723125 0.01595762309 0.01575482126 0.015583587 0.01547085134 0.0154990155 0.0159374128 0.01780814176 0.02187897982 0.02694710432 0.02976633758 0.03227851975 0.03721302157 0.05875567589 0.0469234416 0.05212816745 0.04105184461 0.00429178588 0.003664512582 0.02451065489 0.03618130955 0.04013338422 0.04257937816 0.04446393851 0.04616191814 0.04778750574 0.0493488625 0.05081159141 0.05212628692 0.05324093549 0.05410467907 0.05466468948 0.05485832735 0.05460575763 0.05381055099 0.05237437947 0.05022565765 0.04735253113 0.04382602439 0.03979941911 0.03552761281 0.03135341862 0.02751827802 0.02655300765 0.02982781893 0.03426348854 0.03700439348
0.01726065195 0.01674869846 0.01621425262 0.01576647792 0.01538663874 0.01506826415 0.0147171673 0.014285379 0.01377182866 0.0131196333 0.01585257853 0.02389447326 0.03305140895 0.03095836609 0.03215621393 0.03698842797 0.03271181437 0.05236998432 0.04076891771 0.00767804213 0.005870713231 0.005089428741 0.0302116556 0.04098303483 0.04198429196 0.04299433561 0.04420019703 0.04561701638 0.0471784717 0.04879545661 0.05037532759 0.05182868195 0.05307244511 0.05403116942 0.05463639318 0.05482448355 0.05453487317 0.05371197225 0.05231343242 0.05032435613 0.04777322812 0.04474353443 0.04138009295 0.03788783645 0.0345135031 0.03169938942 0.03101558944 0.033012654 0.03542077246 0.0374549144
0.01730677758 0.01673407793 0.01614154987 0.01553474258 0.01496896915 0.0144319297 0.01390433853 0.01326415581 0.01203791881 0.01062047294 0.00951554887 0.06061568546 0.03357074634 0.02981254984 0.0296892832 0.0300089776 0.03323107865 0.02982466436 0.02147825121 0.01313128765 0.009076003593 0.007221841004 0.03629147865 0.04612882375 0.0437472483 0.04315960657 0.04370895008 0.04492328619 0.04651359886 0.04828025863 0.05006758825 0.05174306673 0.05319122151 0.05431259467 0.05502580062 0.0552691633 0.05500052089 0.05419686576 0.05285615632 0.05100208685 0.04869034892 0.04601388744 0.04310483531 0.04013127687 0.0372920583 0.0351870716 0.03458247759 0.0358186378 0.03726146177 0.03859464936
0.01738511645 0.01673785779 0.01607830975 0.01543099585 0.01480170821 0.0141356906 0.01347464048 0.01258000793 0.01200994315 0.009790163496 0.0687956792 0.05932386815 0.02676903156 0.0259752041 0.02593937228 0.02607127868 0.02606868468 0.0248863647 0.02138251082 0.01754983091 0.0147937297 0.009420917805 0.04994713559 0.04872122552 0.04372222961 0.0422819534 0.0425986738 0.04387748113 0.04568198553 0.04775084205 0.04987611524 0.05188911304 0.05364222806 0.05500820227 0.05589079253 0.05623121468 0.05600699192 0.05522618253 0.05392173173 0.0521486794 0.04998411214 0.04752795699 0.04490236635 0.042248278 0.03971795764 0.03814387819 0.03769309135 0.0384022344 0.03926067171 0.04010690215
0.01750457432 0.01675394109 0.01599850942 0.01529659442 0.01470067809 0.01422785171 0.01350592804 0.01291797093 0.01191121719 0.09319953043 0.05617444253 0.01202273618 0.0186624228 0.02121209446 0.02221562683 0.02278144711 0.02297334237 0.02308062964 0.02204366925 0.02117949631 0.02268807683 0.04658432556 0.04628554145 0.04487436412 0.04079324325 0.03980018366 0.04066217619 0.0423194809 0.04460610604 0.04717651389 0.04979981301 0.0523005338 0.05449006937 0.05619901582 0.05730900593 0.05776676939 0.05757700662 0.05678533197 0.05546229324 0.05369361799 0.05157626219 0.04921724685 0.04673220897 0.04424166728 0.04192531841 0.04074498343 0.04048702885 0.04082916814 0.04128840028 0.04177716183
0.01768428703 0.01677769986 0.01586398223 0.01504919602 0.01445227703 0.01422116844 0.01478774621 0.01157520825 0.08382668089 0.01165998094 0.008690986616 0.01061601334 0.01407704701 0.01734611864 0.01904169516 0.02051077126 0.02159412319 0.02261968989 0.02325137249 0.02438589848 0.02962704422 0.0294178691 0.05058618955 0.03733726031 0.03343017692 0.03673608957 0.03764974438 0.04015004455 0.04332223245 0.04653888766 0.04984044471 0.0530284005 0.05583591566 0.05800993896 0.05939721947 0.05996153635 0.0597555501 0.05887973765 0.05745155315 0.05559024872 0.05341282043 0.05103428411 0.04856725715 0.04611874541 0.04434227511 0.04315589997 0.04307492361 0.04313494165 0.04329373463 0.04349943672
0.01796725711 0.01681497302 0.01563142955 0.01458914085 0.01385879939 0.01366619784 0.0148152704 0.06982834121 0.01065683901 0.008422653556 0.008800527959 0.01024602415 0.01260290918 0.01505115898 0.01722202802 0.01897398692 0.02096178525 0.02266467963 0.02434150432 0.02647503062 0.02900489078 0.03406153089 0.03162761235 0.02502837089 0.03981054061 0.03145879782 0.03219148892 0.03823557747 0.04182964411 0.04578963852 0.04995778115 0.05414726505 0.0578509968 0.06064629144 0.0623349594 0.06293922104 0.06260732216 0.06152605206 0.05987297175 0.05780256128 0.05545007843 0.05293842258 0.05038054772 0.0480955287 0.04660363259 0.04580570942 0.04551349959 0.04533897249 0.04525503229 0.04522557752
0.01844943256 0.01689257557 0.01524936581 0.01381792371 0.01278982693 0.01225888147 0.0137600436 0.05518279063 0.008652195655 0.008054721263 0.008840927468 0.01016648092 0.01196718973 0.0139631403 0.01619484687 0.01847038024 0.02065649731 0.02280937825 0.02505258622 0.02744123725 0.02993588194 0.03148240756 0.03129228881 0.03223523908 0.02760542759 0.02011599795 0.03622253897 0.03548661675 0.04039279686 0.04454670228 0.05000688982 0.05578343375 0.06086119559 0.06445965282 0.06639132607 0.06686034522 0.06620252956 0.06473609397 0.06270603194 0.06029387185 0.05764419676 0.05488519307 0.05213450178 0.05037142602 0.04893907738 0.04832229638 0.04782799547 0.04744991194 0.04716278311 0.04693451737
0.01935953082 0.01706735783 0.01459677238 0.01260909254 0.01123315632 0.01028150647 0.01119856311 0.04710808802 0.007618298941 0.007605047388 0.0085406929 0.009979213535 0.01172544295 0.01371448734 0.01585685256 0.01809043036 0.02040803182 0.02286353707 0.02552649213 0.02833682725 0.03084203149 0.03224611298 0.03218360411 0.03049600345 0.02763230144 0.02600244416 0.02127624536 0.03964642085 0.03870602837 0.04617627545 0.05278686768 0.059542788 0.06556435385 0.07004261052 0.07194289152 0.07189114142 0.07058046278 0.06849031283 0.0659111179 0.06301944503 0.05994592391 0.05681878536 0.05456929876 0.05253628793 0.05154680715 0.05070670344 0.05002085133 0.04946825897 0.04901257737 0.04861704849
0.0215211772 0.01727952603 0.01331855507 0.01069740827 0.009277127458 0.008123158697 0.008694570429 0.04184006685 0.006814627165 0.006846216664 0.008158771171 0.009715911365 0.01149564813 0.01339915346 0.01544696137 0.01764752184 0.02003361937 0.02268793087 0.02574299994 0.02932300697 0.03291924094 0.03502256002 0.03406465944 0.03089273129 0.02766418867 0.02553322848 0.02563740692 0.02228587857 0.03808769156 0.04322415534 0.06007577334 0.06973920455 0.07418940265 0.07841644841 0.07939782263 0.0781039401 0.07568168396 0.07270092937 0.06941717056 0.06592984367 0.06230615169 0.05952849077 0.05695478898 0.05531325395 0.05399819743 0.0529259686 0.05207694253 0.05139017422 0.05080462898 0.05027229652
0.02823532717 0.02024853718 0.0129522841 0.008731533964 0.007053846444 0.005969506696 0.006485333258 0.03792732378 0.00593490693 0.006257887685 0.00726517176 0.009374336561 0.01112823456 0.01293414338 0.01489368288 0.01703553855 0.01940823957 0.02212058751 0.02539621452 0.02970530157 0.03635837327 0.04242463631 0.04219934895 0.03082796284 0.02663511529 0.02482746742 0.02410909872 0.0256229199 0.02201365967 0.01582958946 0.06443911341 0.08414906003 0.09205224707 0.09075873161 0.08884804187 0.08529474927 0.08125700983 0.07716989333 0.07311829775 0.06900105865 0.06569173949 0.06253487443 0.06003789324 0.05789433023 0.05617371155 0.0549144644 0.05397320886 0.05321490464 0.05254835618 0.05191138792
0.03122230651 0.05556601359 0.008758718245 0.006795440195 0.005626337994 0.004708668829 0.005571089675 0.03714834419 0.02892167931 0.00494148933 0.03077439484 0.03817521706 0.04192769735 0.04494115356 0.04763134309 0.05018030812 0.05273991039 0.05558221797 0.05942124644 0.06659363001 0.08485218519 0.09004956239 0.03515389267 0.02905007482 0.02561754076 0.02357971759 0.0227851869 0.02211260032 0.02035436187 0.01861713299 0.0146299895 0.1082752368 0.1148388354 0.1066365073 0.09954561205 0.09279423963 0.08680243498 0.08154103475 0.07686638555 0.07292853007 0.07005156981 0.06684153982 0.06315727215 0.05989546521 0.05785579306 0.05660549933 0.05569789097 0.05495511406 0.05426992205 0.05356534045
0.03005102511 0.05635851058 0.05794908837 0.04391927672 0.0416257123 0.04360086616 0.05560153432 0.05012702588 0.03911334101 0.05565178735 0.0513703056 0.05143328454 0.05407353785 0.05663486579 0.05893736939 0.06100125567 0.06288593873 0.06471384584 0.06679364095 0.06986725342 0.07792317284 0.01879799712 0.02697730879 0.02549505235 0.02366888484 0.02229870626 0.02127982016 0.02071568169 0.01976897156 0.01837156256 0.01644002034 0.11383276 0.1406535591 0.123188207 0.1095216311 0.09948100742 0.09162543757 0.0852527978 0.08026609332 0.07740101185 0.0771365726 0.07351285887 0.06489904724 0.06034407145 0.05893844634 0.05800167993 0.05726898896 0.05664460908 0.05602019089 0.05529561809
0.02738220498 0.04257268301 0.05264470695 0.05308597434 0.05167563131 0.05537010529 0.05783088989 0.05356860008 0.05113330307 0.05496478056 0.05584458112 0.05400975333 0.05491082909 0.05654682693 0.05824579477 0.05979344792 0.06107183121 0.06190168765 0.06178906806 0.05904311453 0.043403564 0.01646105812 0.02111990219 0.0215401678 0.02114072744 0.02068025338 0.02027578884 0.01996575916 0.0197049621 0.01967466928 0.02135061445 0.1410479622 0.1666620442 0.1342092784 0.1160384712 0.1042106806 0.09521514313 0.08767157743 0.08210648688 0.08031415223 0.08456052957 0.08014291077 0.05756703282 0.05980847897 0.05973419299 0.05918701972 0.05872841347 0.05833308113 0.05788371645 0.0572087024
