test/output_verify/mgVerify7_curmap.asc
ncols         481
nrows         355
xllcorner     616786.15983
yllcorner     3390338.66736
cellsize      30.0
NODATA_value  -9999
[rows 66 to 87 of 355, columns 50 to 99 of 481]
0.00727440827 0.007233730107 0.007225838327 0.007267930785 0.007466879773 0.008009832887 0.01195557547 0.01173274891 0.0127905226 0.01202008651 0.01216688297 0.008732602322 0.008511334293 0.008498559862 0.008557186054 0.008633774563 0.008714641597 0.008794260169 0.008869302106 0.00893655752 0.008991540633 0.009026350048 0.009024404316 0.008944156531 0.008641835546 0.009154407338 0.01229354107 0.01329445369 0.01399761553 0.0145439805 0.01607646494 0.01627343023 0.0162170919 0.01617111238 0.01624212253 0.0162731692 0.01630049429 0.01634628519 0.01641248498 0.01650588682 0.01662238935 0.01674959265 0.01687380914 0.01698425786 0.01707282147 0.01712535156 0.01709293988 0.01684333646 0.01966487836 0.02076993885
0.01140714667 0.01140025434 0.01142543611 0.01150798088 0.01185571466 0.01283268037 0.01204973319 0.01184997632 0.01197933255 0.01262859983 0.01219910625 0.01256494179 0.01229079806 0.01227785612 0.01233093536 0.01241067387 0.01249971112 0.01259045819 0.01267894804 0.01276261942 0.0128395095 0.01290843912 0.01297187202 0.01305244727 0.01334508963 0.01448658288 0.0144410024 0.01478800508 0.01528611674 0.0158682011 0.01634804544 0.01629625675 0.01608760285 0.01605493186 0.01606992716 0.01610445958 0.01614432577 0.01619462205 0.01625955129 0.01634003433 0.01643352031 0.01653392847 0.01663425088 0.01672944492 0.01681891841 0.01691227864 0.01706340606 0.01764963674 0.01892282711 0.01994911315
0.01232252478 0.01232192861 0.01233156053 0.01242871804 0.01273186011 0.01282724489 0.01237018358 0.01196367481 0.01200526143 0.01223375722 0.01249829833 0.01290907831 0.01324606771 0.01333495409 0.01342090953 0.01351420995 0.01361207425 0.01371117309 0.01380946884 0.01390620326 0.01400229984 0.0141021965 0.01421977232 0.01439761493 0.01471713858 0.01502073068 0.01496714869 0.01494605928 0.01521677861 0.01554376486 0.01578887088 0.01588548488 0.01588359417 0.01587689431 0.01589698823 0.01593195597 0.01597605739 0.01602825562 0.0160895525 0.01615991682 0.01623749817 0.01631901526 0.01640107953 0.01648236032 0.01656723322 0.0166750733 0.01686855786 0.01722833412 0.01773676239 0.01858829293
0.01202647629 0.01202103181 0.01200636409 0.01213833945 0.01229616461 0.01232703046 0.01222746504 0.01212193018 0.01213649245 0.01227620335 0.01249443091 0.01274522737 0.01296944058 0.01313286556 0.01325341353 0.01336353944 0.01347094112 0.01357732574 0.0136832067 0.01378956004 0.01389890381 0.01401691228 0.01415508035 0.01432970656 0.01453171177 0.01470196076 0.01481312749 0.0149217095 0.01508927047 0.01529189137 0.01546480475 0.01557664067 0.01563664535 0.01567407526 0.01571055634 0.0157525329 0.01579988307 0.01585234512 0.01590989171 0.01597204827 0.01603745781 0.01610409742 0.01617006534 0.0162349051 0.01630165024 0.01637947718 0.01647777231 0.01657476089 0.01656758826 0.01626443058
0.01173416463 0.01172577432 0.01171499422 0.0118658912 0.01199150398 0.01205703954 0.01207344526 0.01208632444 0.01214314801 0.01226140117 0.01242802616 0.01261586867 0.01279733175 0.01295601696 0.01309209632 0.01321447519 0.01333065925 0.01344414122 0.01355687584 0.01367073843 0.0137884478 0.01391420813 0.01405325466 0.01420725747 0.01436707436 0.0145167535 0.01465115046 0.01478387318 0.01492884538 0.01508035422 0.01521803927 0.01532667178 0.01540609602 0.01546626358 0.01551802486 0.01556796481 0.0156187374 0.01567115691 0.01572530547 0.0157806825 0.0158361811 0.01589022433 0.01594110302 0.01598735434 0.01602764366 0.01605805359 0.01606205264 0.01598673775 0.01568627983 0.01447847311
0.01145217922 0.01144456428 0.01147753104 0.01163224716 0.01175827443 0.01185234277 0.01192339543 0.0119918509 0.01207904911 0.01219579466 0.01233907281 0.01249676148 0.01265505366 0.01280449777 0.01294230756 0.01307055297 0.01319272573 0.01331171733 0.0134296708 0.01354853975 0.01367050635 0.01379797753 0.0139326805 0.01407378444 0.01421692379 0.01435669302 0.01449129808 0.01462359958 0.01475620272 0.0148862132 0.01500608531 0.01510926665 0.01519440596 0.01526496337 0.01532612647 0.01538220792 0.0154357967 0.01548807265 0.01553929155 0.01558903665 0.0156363123 0.01567960936 0.01571693146 0.01574556966 0.01576104844 0.01575411296 0.01570436801 0.01556995218 0.01527345363 0.01495662114
0.01118159586 0.01117814492 0.01127560772 0.01142842826 0.01156148409 0.01167540392 0.01177623194 0.01187440546 0.01198055939 0.01210091572 0.01223532077 0.01237865605 0.01252409849 0.01266617456 0.01280225803 0.01293231847 0.01305774428 0.01318029346 0.01330164531 0.01342337746 0.01354700226 0.01367378539 0.01380423892 0.01393754699 0.01407160319 0.014204074 0.01433372472 0.01446052767 0.01458420971 0.01470280424 0.01481291942 0.01491154546 0.01499769022 0.01507258825 0.01513870579 0.01519854316 0.01525393009 0.01530585988 0.01535458042 0.0153997089 0.01544029388 0.01547481565 0.01550107836 0.0155158496 0.01551400293 0.01548699009 0.01542122916 0.01530001248 0.01513180149 0.01497385621
0.01092131963 0.01094109401 0.01109071247 0.01124539156 0.01138575495 0.01151323178 0.01163182191 0.01174736245 0.01186564247 0.0119903749 0.01212217855 0.01225900191 0.01239752827 0.01253469091 0.01266861005 0.01279875486 0.01292557929 0.01305003702 0.01317323991 0.01329628597 0.01342014385 0.0135454821 0.01367243305 0.0138004317 0.01392833448 0.01405484471 0.01417893445 0.01429985331 0.01441669894 0.01452802896 0.01463201164 0.01472708105 0.01481258238 0.01488893967 0.0149573154 0.01501906678 0.01507530619 0.01512667805 0.01517329906 0.01521476525 0.01525015929 0.01527801915 0.015296231 0.01530180205 0.01529052327 0.01525678992 0.01519460065 0.0151025665 0.01499156416 0.0148815458
0.01066978231 0.01075093089 0.0109197604 0.01107731696 0.01122379965 0.01136061651 0.01149046393 0.01161685827 0.01174321443 0.01187188712 0.01200364371 0.01213778236 0.01227274962 0.01240689506 0.0125390291 0.01266863761 0.01279580894 0.01292102672 0.0130449607 0.01316830463 0.01329164503 0.01341533342 0.01353937093 0.0136633613 0.01378658536 0.01390817479 0.01402726795 0.01414302698 0.01425452845 0.01436068385 0.01446034112 0.01455255446 0.01463685018 0.01471331315 0.014782454 0.01484495033 0.01490139031 0.0149520948 0.0149970243 0.01503573919 0.01506737788 0.01509062668 0.01510366924 0.01510413199 0.01508912408 0.01505565092 0.01500194765 0.0149299064 0.01484705866 0.01476712352
0.01043930218 0.01059027396 0.01076031251 0.01092070033 0.01107194484 0.01121526067 0.01135253451 0.01148603584 0.01161793819 0.0117498367 0.0118824672 0.012015729 0.01214896346 0.01228133624 0.01241216082 0.01254107105 0.01266804084 0.01279330471 0.01291724144 0.01304025885 0.01316269052 0.01328470651 0.01340624939 0.01352701495 0.01364648939 0.01376402467 0.01387890824 0.0139903886 0.01409766565 0.01419989785 0.01429627287 0.01438613226 0.01446908685 0.0145450554 0.0146142022 0.01467680398 0.01473310016 0.01478316854 0.01482684179 0.01486365941 0.01489284137 0.01491327396 0.01492351208 0.01492183073 0.0149064066 0.0148757686 0.01482962086 0.01476985419 0.0147012916 0.01463193208
0.01025909646 0.01043931555 0.01061068151 0.01077345161 0.01092824161 0.01107607919 0.01121835051 0.01135662275 0.01149238313 0.01162678402 0.01176048731 0.01189365867 0.01202609751 0.01215743407 0.01228731499 0.01241552366 0.01254202017 0.01266691698 0.01279041873 0.01291274935 0.01303408096 0.01315447445 0.01327383938 0.01339192145 0.01350831912 0.01362251953 0.013733936 0.01384193406 0.0139458494 0.01404501447 0.01413880724 0.01422671504 0.0143083877 0.01438365278 0.0144524808 0.01451491108 0.01457096213 0.01462054886 0.01466341955 0.01469911587 0.01472695356 0.01474602354 0.01475522273 0.01475333693 0.01473921503 0.01471206549 0.01467184048 0.01461954805 0.01455722543 0.01448730966
0.01011646333 0.01029728243 0.010469756 0.01063431399 0.01079160811 0.01094252553 0.01108814188 0.01122961317 0.01136802865 0.01150427068 0.01163892568 0.01177227279 0.01190434548 0.01203503524 0.01216419866 0.01229173565 0.01241762644 0.0125419292 0.01266475093 0.0127862042 0.01290636232 0.01302521996 0.0131426671 0.01325847952 0.01337232561 0.01348378511 0.01359237233 0.01369755862 0.01379879453 0.01389553616 0.01398727832 0.01407359032 0.01415414216 0.01422870923 0.01429715074 0.01435936582 0.01441523845 0.01446458378 0.01450710478 0.01454236404 0.01456977353 0.01458860474 0.01459802546 0.01459717314 0.01458527171 0.01456177693 0.01452648482 0.01447945913 0.01442053315 0.01434797043
0.009982465858 0.01016364545 0.01033681452 0.0105025147 0.01066141299 0.01081430053 0.01096205863 0.01110559372 0.01124575355 0.0113832477 0.01151859636 0.0116521201 0.01178396922 0.01191417996 0.01204273627 0.01216961941 0.01229483629 0.01241842463 0.0125404397 0.0126609305 0.01277991219 0.01289734099 0.01301309719 0.01312697798 0.01323870017 0.01334791087 0.0134542033 0.01355713461 0.01365624523 0.01375107991 0.01384121088 0.01392625917 0.01400590797 0.01407990374 0.01414804233 0.01421014162 0.01426600758 0.0143154003 0.01435800562 0.0143934181 0.0144211378 0.01444058306 0.01445112241 0.01445212685 0.01444303396 0.01442339725 0.01439285915 0.01435093217 0.01429638725 0.01422588281
0.009856938 0.01003805041 0.01021138047 0.01037755645 0.01053725828 0.01069121416 0.01084018086 0.01098490669 0.01112608454 0.01126430766 0.01140003993 0.01153360807 0.01166521699 0.01179498044 0.01192295676 0.01204918021 0.01217368099 0.01229649167 0.01241764245 0.01253714822 0.0126549918 0.01277110922 0.0128853786 0.0129976147 0.01310757054 0.01321494438 0.01331939038 0.01342053257 0.01351798 0.0136113422 0.01370024574 0.01378434761 0.01386334239 0.01393696259 0.01400496963 0.01406713647 0.01412322721 0.01417297612 0.01421606987 0.01425213925 0.01428076029 0.01430146641 0.01431377408 0.01431721735 0.01431138102 0.01429591141 0.01427046288 0.01423451527 0.01418696654 0.0141253518
0.009739786228 0.009920250713 0.01009311625 0.01025908819 0.01041885948 0.01057311534 0.01072252735 0.01086773663 0.01100932992 0.01114781615 0.01128361014 0.01141702778 0.01154829434 0.01167756183 0.01180492982 0.01193046508 0.0120542151 0.01217621378 0.01229648049 0.01241501331 0.01253177935 0.01264670607 0.01275967415 0.01287051461 0.01297900925 0.01308489589 0.01318787595 0.01328762507 0.01338380427 0.01347607166 0.01356409382 0.01364755448 0.01372615996 0.01379963823 0.01386773382 0.01393019771 0.01398677418 0.01403718911 0.01408114077 0.01411829533 0.0141482915 0.01417075276 0.01418530665 0.01419161027 0.01418937404 0.0141783718 0.01415842475 0.01412934896 0.01409088564 0.01404272998
0.009630951354 0.009810043593 0.009981742562 0.0101468195 0.01030597358 0.01045985242 0.01060906089 0.01075415916 0.01089565385 0.01103398722 0.01116952953 0.011302577 0.01143335614 0.0115620341 0.01168873113 0.0118135324 0.01193649695 0.01205766224 0.01217704409 0.01229463376 0.01241039277 0.01252424705 0.01263608342 0.01274574781 0.01285304585 0.01295774665 0.01305958878 0.01315828744 0.01325354356 0.01334505233 0.0134325107 0.01351562417 0.01359411046 0.01366769903 0.01373612862 0.01379914101 0.01385647431 0.01390785629 0.01395300012 0.01399160445 0.01402335873 0.01404795528 0.01406510583 0.01407456408 0.0140761505 0.01406977866 0.01405549062 0.01403352922 0.01400453344 0.01397009473
0.009530342959 0.009707200354 0.009876970432 0.01004045952 0.01019835129 0.01035124738 0.01049968916 0.01064416632 0.01078511731 0.01092292682 0.01105792301 0.01119037678 0.0113205052 0.01144847729 0.01157442099 0.01169843061 0.01182057232 0.01194088694 0.01205939089 0.01217607462 0.01229089909 0.01240379341 0.01251465268 0.01262333655 0.0127296707 0.01283344966 0.01293444079 0.01303239066 0.01312703135 0.01321808611 0.01330527611 0.01338832516 0.01346696167 0.01354092006 0.01360993949 0.01367376023 0.01373212117 0.01378475688 0.01383139577 0.01387176361 0.0139055892 0.01393261587 0.01395261679 0.01396541686 0.01397092094 0.0139691529 0.01396032285 0.01394495789 0.01392418048 0.01390030974
0.009437736312 0.009611391756 0.009778445334 0.009939674447 0.01009570809 0.01024708203 0.01039426717 0.01053768342 0.01067770511 0.01081466263 0.01094884245 0.01108048732 0.01120979851 0.01133693882 0.01146203654 0.01158518926 0.01170646713 0.01182591417 0.01194354925 0.01205936465 0.01217332481 0.01228536425 0.01239538672 0.01250326522 0.01260884239 0.01271193336 0.01281232913 0.01290980055 0.01300410371 0.0130949849 0.01318218424 0.0132654402 0.01334449214 0.01341908062 0.01348894798 0.01355383753 0.01361349173 0.01366765264 0.01371606304 0.01375846895 0.01379462742 0.01382431694 0.01384735102 0.01386359895 0.01387301351 0.01387567133 0.01387184069 0.01386209934 0.01384754181 0.01383012069
0.009352643268 0.009522118419 0.009685705118 0.009844059704 0.009997707146 0.01014709156 0.01029260136 0.01043458241 0.0105733444 0.01070916373 0.01084228481 0.01097292059 0.01110125302 0.01122743456 0.01135158966 0.01147381597 0.01159418575 0.01171274632 0.0118295196 0.01194450187 0.01205766268 0.01216894325 0.01227825656 0.01238548758 0.0124904937 0.01259310716 0.01269313782 0.01279037604 0.01288459715 0.01297556527 0.01306303595 0.0131467602 0.01322648668 0.01330196243 0.01337293456 0.01343914967 0.01350035517 0.01355630026 0.01360673729 0.01365142694 0.01369014465 0.01372268884 0.0137488943 0.01376864882 0.01378191477 0.01378876107 0.01378940848 0.01378429361 0.01377415 0.01376006274
0.009274215303 0.009438672939 0.009598162258 0.009753129941 0.009903953724 0.01005096367 0.01019445406 0.01033469095 0.01047191685 0.01060635361 0.01073820343 0.0108676483 0.0109948499 0.01111994888 0.011243064 0.01136429184 0.01148370638 0.01160135787 0.01171727269 0.01183145237 0.0119438721 0.01205448072 0.01216320056 0.01226992719 0.0123745309 0.01247685832 0.01257673427 0.01267396508 0.01276834163 0.0128596416 0.01294763324 0.013032078 0.013112732 0.01318934827 0.01326167812 0.01332947174 0.01339248028 0.01345045765 0.01350316256 0.01355036364 0.01359184517 0.01362741397 0.01365690967 0.01368021672 0.01369727782 0.01370811079 0.01371282488 0.01371162873 0.01370480669 0.01369260187
0.009201262793 0.009360165998 0.009515122432 0.009666330869 0.009814003902 0.009958347151 0.01009955342 0.01023780421 0.01037327243 0.01050612457 0.01063652066 0.01076461279 0.01089054295 0.01101444028 0.01113641868 0.01125657399 0.01137498241 0.01149169839 0.01160675336 0.01172015456 0.01183188442 0.01194189928 0.01205013002 0.0121564825 0.01226083794 0.01236305485 0.01246297094 0.01256040486 0.01265515941 0.01274702397 0.01283577629 0.01292118553 0.01300301445 0.01308102045 0.01315495787 0.01322457962 0.0132896385 0.01334989019 0.01340509626 0.01345502719 0.0134994683 0.01353822559 0.01357113162 0.0135980531 0.01361889684 0.0136336115 0.01364218087 0.01364459469 0.01364077095 0.01363038432
0.009132433301 0.009285620705 0.009435832574 0.009583063963 0.009727380011 0.009868864624 0.01000760629 0.01014369847 0.01027724267 0.01040834977 0.01053713926 0.0106637359 0.01078826462 0.01091084594 0.01103159108 0.01115059727 0.01126794463 0.01138369325 0.01149788074 0.01161052127 0.01172160457 0.01183109479 0.01193893117 0.01204502856 0.01214927779 0.01225154738 0.01235168526 0.01244952019 0.01254486447 0.01263751614 0.01272726035 0.01281387221 0.01289711886 0.01297676065 0.01305255349 0.0131242508 0.01319160509 0.01325437123 0.01331230878 0.01336518572 0.01341278296 0.01345489794 0.01349134928 0.01352197989 0.01354665622 0.01356526198 0.01357767842 0.01358374015 0.01358314921 0.01357532173
