test/output_verify/mgVerify7_curmap.asc
ncols         481
nrows         355
xllcorner     616786.15983
yllcorner     3390338.66736
cellsize      30.0
NODATA_value  -9999
[rows 220 to 241 of 355, columns 150 to 199 of 481]
4.52732064e-06 0.01277101644 0.02680590596 0.04012314418 0.0298038985 0.007796446427 0.02779247889 0.01618188799 0.01607325053 0.01819301402 0.01910073685 0.01965953128 0.02002134749 0.02031376401 0.02066119227 0.02112744523 0.02186647959 0.02356205347 0.02397857472 0.02566205393 0.02327590976 0.02283031874 0.02444564072 0.02391200838 0.02331582509 0.0226751581 0.0220030785 0.02130145146 0.0205744381 0.01983270624 0.0190910116 0.01836684448 0.01767716189 0.01702500048 0.01635535951 0.01563121672 0.01521754968 0.0164060335 0.01318625935 0.07932958677 0.1431230634 0.0150794479 0.01037082191 0.009562448499 0.009514222694 0.009708140994 0.01014459935 0.01059865834 0.01094269795 0.01117260913
2.214078901e-06 0.005370326397 0.03421056437 0.04171132046 0.04447313692 0.04436436267 0.007285568359 0.01182506959 0.01676729622 0.02019414091 0.01980765292 0.02030933331 0.02019709808 0.02029322502 0.02052388819 0.02091645341 0.02159465681 0.02151315265 0.02191332509 0.02576380977 0.02323872979 0.02346084136 0.02531030899 0.02470414394 0.0239361487 0.02319962086 0.02248153401 0.02174425995 0.02098540602 0.02021362225 0.01944085214 0.01867898491 0.01793622543 0.01721121128 0.01649998321 0.01584240286 0.01534878471 0.01457983886 0.01333864678 0.01246980156 0.02054715182 0.1431638889 0.0103211798 0.009038839913 0.008562714796 0.009220469821 0.01020774272 0.01091737637 0.01138466042 0.01162660919
5.860545477e-07 1.088460934e-05 0.02742588453 0.03565225937 0.04541753826 0.04099716219 0.03709353489 0.007623492801 0.03238429385 0.02127949866 0.02150962821 0.02056662662 0.02023110184 0.02015425914 0.02023647576 0.02048341124 0.02081174535 0.02109549395 0.02414628009 0.02643349939 0.02367918042 0.02457533081 0.02679018331 0.02551951274 0.02446093301 0.02372853011 0.02298628448 0.02221095029 0.0214099858 0.020595557 0.01977901158 0.01896941105 0.01817244529 0.01739085512 0.01662966419 0.01589812407 0.01515502011 0.01430876478 0.01339819424 0.01348526585 0.01640918399 0.09098606622 0.1129047432 0.01017323065 0.007719437612 0.009682406494 0.01074657169 0.01162966454 0.01201895606 0.0121843823
2.695095562e-09 6.871035269e-06 0.01955649462 0.04143145638 0.04441438035 0.0460607644 0.04880498505 0.05591015326 0.03389747094 0.01685027578 0.02159358651 0.02030524411 0.02013246835 0.01983832601 0.01978888258 0.01989147729 0.02013582308 0.02083766168 0.0242764652 0.02661363915 0.02412222705 0.02576140523 0.02911680947 0.02526067692 0.02493399887 0.02429115245 0.02352868511 0.02270365419 0.02184762878 0.02097896764 0.02010924325 0.0192458582 0.01839322264 0.01755382304 0.01672872626 0.01596913517 0.01526856506 0.01453891616 0.01403561713 0.01395448843 0.01432415239 0.01136768042 0.1067941387 0.1185012124 0.06063467883 0.01036639375 0.01319338482 0.01281445479 0.01280146329 0.01282437975
1.361864466e-09 3.375642894e-06 0.008129550314 0.04074430943 0.04157622915 0.04709686864 0.05069187344 0.04784679531 0.03888841147 0.03613723611 0.01902325101 0.0212102011 0.01966732566 0.0192887589 0.01920275912 0.01920998129 0.01924110656 0.01996848874 0.02433762288 0.02660674968 0.0244489413 0.02686543572 0.02410673822 0.02568957597 0.02560830364 0.02496090478 0.02412674804 0.02322411399 0.02229618016 0.02136233664 0.0204322547 0.01951091423 0.0186006266 0.01774396775 0.01702784725 0.01635298621 0.01572711154 0.01508543221 0.01445972538 0.01377501229 0.01249428772 0.01127443668 0.009813883998 0.08963621947 0.100243782 0.06566440374 0.01576302746 0.01382702948 0.01360633339 0.01348237023
5.03292018e-10 8.854048273e-07 9.817989437e-06 0.02082065713 0.04385962961 0.0469125981 0.04979128168 0.04699892797 0.0436973993 0.03751107884 0.03281061331 0.01921062086 0.01865264862 0.01844567838 0.01858237554 0.01855215418 0.0182655675 0.01785442275 0.02307689472 0.02912658074 0.02663193795 0.02966826893 0.02697382087 0.02736338214 0.02667237576 0.02576742024 0.02477926977 0.02376459858 0.02274833696 0.02174076327 0.02074581028 0.01976444443 0.01895590661 0.0182403111 0.01764275012 0.01700816651 0.01633540217 0.01562169709 0.01484059465 0.01388627481 0.01270151467 0.01102750708 0.009598283846 0.007930567983 0.06434185154 0.137674914 0.01822361814 0.01499298684 0.01402415757 0.014204085
9.663930734e-11 1.857141925e-09 3.593134416e-06 0.008649780468 0.03411446115 0.05208325358 0.05210934851 0.04811621543 0.04531862994 0.0419760279 0.02869583695 0.0164904544 0.01622042079 0.01760646908 0.01820069774 0.01812277972 0.0176035319 0.01641523309 0.01602283654 0.0595431514 0.04130241898 0.03237392831 0.02956844981 0.02945836394 0.02790808406 0.02664049151 0.0254500681 0.02430321837 0.02319027568 0.02210583814 0.02106923517 0.02027434377 0.01963347164 0.01902380506 0.01838141492 0.01770248625 0.01698125875 0.01620547191 0.01534681406 0.0143641569 0.01320498741 0.01188219541 0.01025304311 0.008724826391 0.01058755122 0.01627252302 0.1294777614 0.0155903214 0.01532509731 0.01498245124
3.101287535e-13 5.354890829e-10 9.411411354e-07 6.437795423e-06 0.009108256242 0.04595401892 0.05039649353 0.04833365556 0.04816142603 0.04747434053 0.04827244096 0.01039573858 0.01423917858 0.01812966299 0.0181447514 0.01816520003 0.01745535114 0.01632329865 0.01660863509 0.08447957873 0.0376035245 0.03304744439 0.03113569729 0.03084538014 0.02900329954 0.02745506606 0.02608062244 0.02480848461 0.02360386366 0.02255546712 0.02172518741 0.02112057207 0.02049318735 0.01983977003 0.01915631892 0.01843783154 0.01767727124 0.01686356513 0.01598070992 0.01501051328 0.01394517394 0.01279228587 0.01163871396 0.01073624538 0.01112423115 0.011846234 0.01625134882 0.1164825256 0.01641165442 0.01545668786
7.401443369e-14 1.025227187e-10 9.973643102e-10 9.939651024e-07 1.500940956e-05 0.03356741832 0.04155456839 0.04895726183 0.05110439659 0.05418282026 0.06096667852 0.06116879455 0.04073977987 0.01618545634 0.01953664186 0.01860916479 0.01778486095 0.01659574951 0.01824445822 0.09813778808 0.03440236515 0.03310815693 0.03235503886 0.03178294846 0.02981469012 0.02811721829 0.02661720529 0.02524977813 0.02417612445 0.02335065508 0.02270593768 0.02205048768 0.02137874333 0.0206855375 0.01996578471 0.01921412476 0.01842446495 0.01758978418 0.01670317446 0.01576169789 0.01477338348 0.01377197666 0.01284027108 0.01213561845 0.01175029186 0.01162287133 0.01278062634 0.1055752999 0.01727791598 0.0168000773
1.117567332e-14 1.410395559e-13 1.091317163e-10 4.268131788e-09 1.082792446e-05 0.0317875635 0.04501849214 0.04871086795 0.05348970625 0.05937011313 0.06371860305 0.06390897676 0.05292310286 0.04943769941 0.01810609905 0.02080845495 0.01810212739 0.01637572166 0.01748164649 0.1085157353 0.03577270975 0.0359267333 0.03344035747 0.03238144932 0.03034680035 0.02858888108 0.02705658449 0.02593984523 0.0251044141 0.02439659598 0.02369763511 0.02299680139 0.02228578765 0.02155778683 0.0208069446 0.02002804917 0.01921648425 0.01836868885 0.01748360105 0.01656555399 0.01562905533 0.01470485893 0.01384259201 0.01308835647 0.01243054567 0.01190796387 0.01156754198 0.01382425978 0.09849270462 0.01918113444
1.89318962e-17 1.210729963e-14 1.056580394e-12 2.719099647e-09 7.556077122e-06 0.02109022889 0.03808823069 0.04394456508 0.05186895793 0.06088386593 0.06201746789 0.06136487795 0.06291137972 0.04673718422 0.04105286124 0.01958527148 0.01797889448 0.0168554574 0.01601719945 0.1206802673 0.09259183878 0.03629186194 0.03405437742 0.03260655885 0.03061080386 0.02912106089 0.02785725373 0.02699454831 0.02619601349 0.02543476029 0.02469186393 0.02395370374 0.0232100788 0.02245304826 0.02167629368 0.02087486881 0.02004532647 0.01918631404 0.01829976237 0.01739267608 0.0164790794 0.01558045026 0.01472013482 0.0139060034 0.01324178513 0.01300015413 0.01229331563 0.01250598484 0.08119610905 0.02320304422
1.366190526e-18 2.319391866e-16 5.749777509e-13 1.453874268e-09 3.507384496e-06 0.007902056251 0.04687548549 0.04073808661 0.03719126239 0.04391046684 0.05837671223 0.0588805293 0.06724663427 0.07362323666 0.05614683882 0.0157751195 0.01815151821 0.01785488934 0.1072329403 0.1311358625 0.03080634012 0.03543736017 0.03409695089 0.03293243856 0.03124397801 0.03003081693 0.02900461419 0.02809239958 0.0272526131 0.0264560421 0.02568229779 0.02491669235 0.02414822227 0.02336840959 0.02257071559 0.02175036714 0.02090454366 0.02003292895 0.01913858352 0.01822887906 0.01731583631 0.0164146292 0.01553870725 0.01469078069 0.01438503735 0.01436100901 0.01416929875 0.01477478055 0.05980925101 0.02746515506
4.628811109e-20 1.08179786e-16 2.472972027e-13 5.139268672e-10 8.610318923e-07 1.13333763e-05 0.02529147084 0.05045528793 0.05708976423 0.04698164387 0.0571151385 0.05904885602 0.05350637995 0.06242470648 0.07267497847 0.06665119943 0.01761691926 0.02002421005 0.1757305265 0.02541020042 0.03472859189 0.03433982073 0.03445357102 0.0337167525 0.0322784076 0.03107388425 0.03004254877 0.02912156913 0.02826847534 0.02745606298 0.02666559971 0.0258832384 0.025098244 0.02430213911 0.0234883306 0.02265204203 0.02179052568 0.02090357291 0.01999426505 0.01906964903 0.01814067338 0.01722069014 0.01632263621 0.0156137535 0.01554183846 0.01568964728 0.01667584706 0.0248199815 0.02870130326 0.02720897696
1.881437446e-20 3.882786318e-17 7.038230354e-14 9.405069949e-11 2.156891777e-09 4.357588301e-06 0.01046112339 0.04105707159 0.0527650989 0.06764102823 0.0620715496 0.0655272732 0.06026965227 0.06329004322 0.07185133807 0.08238511876 0.09527378076 0.1133739542 0.1137907628 0.07882642622 0.0412322418 0.03675656798 0.03511655986 0.03450690248 0.03307934218 0.03194971098 0.03097745464 0.03008690745 0.02924586375 0.02843542658 0.02764164399 0.026853042 0.02605990304 0.02525408175 0.02442899093 0.02357965796 0.02270290114 0.02179778813 0.0208665345 0.01991564429 0.01895640897 0.01800368725 0.01707340504 0.01668316465 0.01659323973 0.01660337723 0.01701211579 0.0205310572 0.04439906774 0.01673580159
6.659893001e-21 9.243311457e-18 1.029684833e-14 3.620699755e-13 6.4889991e-10 1.138215994e-06 7.734315169e-06 0.01082213765 0.05531033567 0.04823894523 0.07464580953 0.07883298113 0.07034961838 0.06424230699 0.06880461611 0.07918732589 0.08821365044 0.09604224909 0.07814801907 0.08126669403 0.04887430525 0.03794631371 0.03532301979 0.03480750801 0.03359797194 0.03269712505 0.03183896201 0.03100549618 0.03019375487 0.02939876092 0.02861299274 0.02782783377 0.02703469833 0.02622576359 0.02539439768 0.0245353128 0.02364451551 0.02271943859 0.02176002501 0.02077124614 0.01976584064 0.01876376512 0.01796675959 0.01777673892 0.01757502237 0.01729592492 0.01636989892 0.01429116897 0.04241271491 0.02183104264
4.068837247e-19 1.130733651e-18 5.617864996e-17 8.96494116e-14 1.239893703e-10 1.196786991e-09 1.179450885e-06 1.330188225e-05 0.02829717082 0.06845856364 0.09142987454 0.09636760125 0.07758610254 0.0885811737 0.06653298302 0.07194309103 0.07004538417 0.0693138339 0.09840095971 0.0616112817 0.03286305759 0.03701022046 0.03420953683 0.03419890367 0.03403343976 0.03341743639 0.03267623167 0.0319011409 0.03112414938 0.03035259725 0.02958377278 0.02881084744 0.02802566653 0.02722029394 0.02638790139 0.0255230201 0.02462097612 0.02367679158 0.02268540715 0.0216463008 0.0205726345 0.01951276435 0.01913895457 0.01887367074 0.01858365359 0.01821133643 0.01759440114 0.01933089844 0.0227254736 0.0245624871
3.265416752e-18 1.021632827e-20 1.18308931e-17 1.351540073e-14 1.689716474e-13 1.288358779e-10 2.515740256e-09 4.883236978e-06 0.01175609178 0.02922222702 0.0623652176 0.1035758107 0.1137176337 0.09512190037 0.09168279765 0.07263677578 0.06141108272 0.0815047541 0.07510215048 0.02964003675 0.03461011235 0.03652987003 0.03251084654 0.03464346346 0.03474708574 0.0342294152 0.03353314973 0.03279302681 0.03204670385 0.03130270454 0.03055834714 0.02980622276 0.02903719694 0.0282423161 0.02741421078 0.02654775832 0.02563913639 0.0246820136 0.02366253661 0.02256322931 0.02138644896 0.02066326557 0.02031633279 0.01998529016 0.01965076348 0.01931033903 0.01933595424 0.02009669538 0.02122142389 0.02141684989
1.299228593e-17 7.466508035e-21 1.474205094e-18 2.261584718e-17 1.410373358e-14 4.201539615e-13 7.275186003e-10 1.278260038e-06 4.983814226e-06 1.466080578e-05 0.01374817826 0.0708266328 0.09887802563 0.09606963552 0.09819627282 0.07473223339 0.08060862201 0.06882073014 0.04845339092 0.03424084081 0.03597882749 0.03816165664 0.04225049331 0.03649677723 0.03588484772 0.03515407738 0.03441635588 0.03368479292 0.03296431266 0.03225199227 0.03154024891 0.03081857989 0.03007509556 0.02929834743 0.02847950134 0.02761429536 0.0267031897 0.02574613877 0.02472337206 0.02357544369 0.02247040145 0.02199267363 0.02141602435 0.02109799946 0.02080593735 0.02030386861 0.0198888919 0.02013907253 0.02068635956 0.02079714328
3.31161737e-17 1.314877623e-20 2.928363218e-21 1.547731564e-18 6.492639986e-17 1.005230934e-13 1.391358631e-10 7.385006432e-10 2.72886874e-09 1.501003902e-06 2.192790604e-05 0.05240493386 0.06970796783 0.08809298545 0.102885274 0.1012102057 0.07838610867 0.06402852145 0.04682782822 0.03884088875 0.03842966058 0.0393466829 0.04094166804 0.03871434436 0.03704767216 0.03608479368 0.0352896714 0.03456346704 0.03387248357 0.03319985674 0.03253163356 0.03185283591 0.03114701971 0.03039792755 0.02959290446 0.02872751716 0.02780981271 0.02686023546 0.02589532789 0.02483899388 0.02425865948 0.02350447063 0.02230503385 0.02144325634 0.02316848027 0.02107437004 0.01925250788 0.01981543101 0.02084384724 0.02105434036
5.965069727e-17 2.140414951e-20 1.782026392e-22 9.695147517e-21 1.326613239e-17 1.515121191e-14 1.017215507e-13 4.506229074e-13 1.647183511e-10 5.331187723e-09 1.312800043e-05 0.03736861846 0.07764294145 0.08724560398 0.0678492807 0.08188034928 0.07718301851 0.0626569985 0.05572488694 0.04379670551 0.04127585289 0.03972249507 0.04060075071 0.03913592895 0.03786830686 0.03689252244 0.03610635182 0.0354099232 0.03476260409 0.03414279259 0.03353300333 0.03291400482 0.03226314529 0.03155583805 0.03077057669 0.02989761424 0.02895035296 0.02797831032 0.02708007823 0.02679428003 0.0267368285 0.02568346312 0.02308074051 0.02012870314 0.01915906702 0.03181951468 0.0199928545 0.02049052723 0.0217057417 0.02210917971
7.942652371e-17 2.73520677e-20 1.230722021e-23 3.456546843e-21 3.330740296e-18 2.730389845e-17 1.280593482e-16 1.838499676e-14 1.133157273e-12 2.602378271e-09 6.448611932e-06 0.01552311808 0.07840071036 0.07685807428 0.0615924564 0.04976464728 0.04810962172 0.05845995905 0.05135503551 0.05187920655 0.04240360207 0.03968223034 0.04042532206 0.03921532503 0.03833410295 0.03754786402 0.03684599267 0.03621131292 0.03562582595 0.03507491754 0.03454234376 0.03400615921 0.03343626395 0.03279489094 0.03204266124 0.03115248621 0.03013027221 0.02904054106 0.02805242766 0.02790972555 0.0321509926 0.02980587505 0.02398443891 0.01788238052 0.01656078907 0.02055711291 0.0237932629 0.02213605618 0.02309238102 0.02422307241
7.964874186e-17 2.741762868e-20 2.306034974e-22 1.058659733e-20 1.380168247e-17 1.542149182e-14 1.06080938e-13 3.772962441e-13 1.479852181e-12 1.179964164e-09 1.694496506e-06 2.658240766e-05 0.05863177246 0.07499576779 0.07043641275 0.04736283806 0.04380786272 0.03838182302 0.05197956503 0.03648516293 0.04137884403 0.03826364132 0.03936256961 0.03919658861 0.03870349774 0.0381133759 0.03752102624 0.03696449853 0.03645387562 0.03598693127 0.03555270134 0.03512931163 0.03467961934 0.03414765403 0.03346218347 0.03255611093 0.03140319023 0.03005300568 0.0286552021 0.02771213219 0.02729651373 0.04919045076 0.05330374131 0.04261126985 0.02125473949 0.0209957593 0.02187563903 0.02222443389 0.02347603546 0.02871721885
