test/input/raster/pairwise/17/raster_331464e2628f.asc
NCOLS 57 
NROWS 27 
XLLCORNER 5.9 
YLLCORNER 45.65 
CELLSIZE 0.0833333333333333 
NODATA_value -9999 
-9999.000000000000000 -9999 -9999 -9999 -9999 -9999 -9999 -9999 -9999 -9999 -9999 -9999 -9999 -9999 -9999 -9999 -9999 -9999 -9999 -9999 -9999 -9999 -9999 -9999 -9999 -9999 -9999 -9999 -9999 -9999 -9999 -9999 -9999 -9999 -9999 -9999 -9999 -9999 -9999 -9999 -9999 -9999 -9999 -9999 -9999 -9999 -9999 -9999 -9999 -9999 -9999 -9999 -9999 -9999 -9999 -9999 -9999
-9999 -9999 -9999 -9999 -9999 -9999 -9999 -9999 -9999 -9999 -9999 -9999 -9999 -9999 -9999 -9999 -9999 -9999 -9999 -9999 -9999 -9999 -9999 -9999 -9999 -9999 -9999 -9999 -9999 -9999 507.285714285714 652.327586206897 697.767123287671 544.477272727273 437 -9999 -9999 -9999 -9999 -9999 -9999 -9999 -9999 -9999 -9999 -9999 -9999 -9999 -9999 -9999 -9999 -9999 -9999 -9999 -9999 -9999 -9999
-9999 -9999 -9999 -9999 -9999 -9999 -9999 -9999 -9999 -9999 -9999 -9999 -9999 -9999 -9999 -9999 -9999 -9999 -9999 -9999 -9999 -9999 -9999 -9999 -9999 -9999 -9999 -9999 -9999 -9999 477.197183098592 543.174418604651 502.604651162791 453.808510638298 434.333333333333 466.897959183673 416.5625 507.95 437.3 398.625 394.166666666667 -9999 -9999 -9999 -9999 -9999 -9999 -9999 -9999 -9999 -9999 -9999 -9999 -9999 -9999 -9999 -9999
-9999 -9999 -9999 -9999 -9999 -9999 -9999 -9999 -9999 -9999 -9999 -9999 -9999 -9999 -9999 -9999 -9999 -9999 -9999 264.75 260.172413793103 354.615384615385 279.666666666667 307.275862068966 302.8 -9999 389.588235294118 379.127272727273 380.901960784314 365.916666666667 429.04347826087 444.706666666667 385.538461538462 426.15 446.3 485.95 486.58 503.29 531.81 511.54 443.69696969697 402.898550724638 393.678571428571 -9999 -9999 -9999 -9999 -9999 -9999 -9999 -9999 -9999 -9999 -9999 -9999 -9999 -9999
-9999 -9999 -9999 -9999 -9999 -9999 -9999 -9999 -9999 -9999 -9999 -9999 -9999 424.238095238095 457.761904761905 475 -9999 -9999 394.142857142857 335.376811594203 318.737373737374 370.41095890411 403.866666666667 456.03 466.738636363636 398.152173913043 489.9 462.41 444.5 516.23 487.64 437.93 509.89 472.39 480.62 511.53 521.21 555.02 557.86 507.99 503.4 464.52 402.74 393.650602409639 400 -9999 -9999 -9999 -9999 -9999 -9999 -9999 -9999 -9999 -9999 -9999 -9999
-9999 -9999 -9999 -9999 -9999 -9999 -9999 -9999 -9999 -9999 -9999 -9999 577.575757575758 514.670103092784 474.22 539.923076923077 730.51724137931 650.463414634146 570.243902439024 474.56 540.55 556.34 483.72 556.8 642.19 557.15 514.69 405.57 431.87 496.06 477.6 451.87 483.21 541.99 600.17 671.77 662.55 634.53 591.44 583.74 674.16 679.89 709.25 783.42 550.059523809524 403.666666666667 -9999 -9999 -9999 -9999 -9999 -9999 -9999 -9999 -9999 -9999 -9999
-9999 -9999 -9999 -9999 -9999 -9999 -9999 -9999 -9999 -9999 -9999 657.333333333333 607.431818181818 650.090909090909 663.7 679.96 631.88 525.34 606.67 712.97 824.83 785.69 757.11 615.52 489.64 436.66 475.54 487.65 457 491.46 535.3 478.33 559.93 479.57 567.97 751.8 865.26 806.6 727.05 846.03 867.01 865.44 960.73 677.86 411.969230769231 407.1 -9999 -9999 -9999 -9999 -9999 -9999 -9999 -9999 -9999 -9999 -9999
-9999 -9999 -9999 -9999 -9999 -9999 -9999 -9999 -9999 -9999 -9999 -9999 784.285714285714 895.170212765957 965.67 896.04 902.98 834.55 963.29 898.03 691.41 566.31 465.4 462.6 486.93 560.55 614.67 565.36 636.15 456.86 508.55 627.31 509.41 528.67 503.35 605.79 768.43 907.29 870.59 986.36 1167.04 1474.79 1188.98 717.785714285714 420.5 -9999 -9999 -9999 -9999 -9999 -9999 -9999 -9999 -9999 -9999 -9999 -9999
-9999 -9999 -9999 -9999 -9999 -9999 -9999 -9999 -9999 -9999 -9999 873.096774193548 1035.59139784946 1037.29 998.6 929.87 836.37 745.87 546.44 483.04 453.76 483.79 528.56 588.34 596.15 561.37 580.19 688.02 573.36 542.77 422.03 530.79 732.47 671.41 641.54 554.25 525.48 502.07 1254.9 1197.22 1426.02 1412.15 725.32 443.133333333333 -9999 -9999 -9999 -9999 -9999 -9999 -9999 -9999 -9999 -9999 -9999 -9999 -9999
-9999 -9999 -9999 -9999 -9999 -9999 -9999 -9999 -9999 1045.2 1080.39344262295 1070.19191919192 1044.96 1103.27 910.45 634.53 459.01 483.1 540.94 502.93 518.04 654.32 709.87 721.74 692.48 626.74 636.28 599.17 511.84 486.04 520.94 715.69 926.65 1068.85 1057.63 1138.66 1235.14 1029.79 934 1056.16 1034.81 1105.87 1264.2 478.612903225806 -9999 -9999 -9999 -9999 -9999 -9999 -9999 -9999 -9999 -9999 -9999 -9999 -9999
-9999 -9999 -9999 -9999 -9999 -9999 -9999 -9999 1100.5625 1101.1038961039 1113.83 965.89 722.96 528.73 456.88 449.41 529.22 613.23 573.55 591 655.98 690.37 819.45 1024.62 990.75 843.68 786.57 811.89 687.15 502.61 631.31 896.01 628.28 1072.67 1300.43 1581.78 1607.19 1389.78 1346.39 1887.17 1879.48 1429.49 946.489795918367 821.505376344086 1631.5632183908 1656.84705882353 1778.35384615385 2115.94444444444 -9999 -9999 -9999 -9999 -9999 2570.66666666667 2384 -9999 -9999
-9999 -9999 -9999 -9999 -9999 -9999 1129.35714285714 1087.02197802198 1030.56 1075.12 867.73 460.63 433.58 456.15 459.22 506.55 570.21 596.51 587.41 615.98 778.23 839.14 795.01 936.8 1013.62 1026.28 1273.26 1386.16 773.21 816.33 1089.69 1124.12 813.35 1610.66 1542.15 1680.16 1951.89 1284.19 1810.75 1538.92 2125.64 2073.99 1702.34 1030.78 1100.43 1177.27 1399.94 2019.66666666667 2189.75 2586 -9999 -9999 2474.82857142857 2389.20652173913 2116.65753424658 1080 -9999
-9999 -9999 -9999 -9999 -9999 -9999 1110.1875 1157.94 991.65 765.11 454.11 455.26 458.2 515.97 587.82 595.28 649.61 710.92 848.94 612.15 696.86 947.31 943.34 1045.77 1302.43 1323.32 1411.71 799.51 1084.46 1329.14 1800.76 2012.14 1078.2 1397.63 1806.09 2307.35 2004.18 2206.99 2126.86 2228.18 1813.09 1778.55 1325.82 977.96 1541.14 1840.02 2025.5 1685.52 2034.39 2379.77272727273 2704.70731707317 2566.40384615385 2499.81 1993.29 1720.16666666667 -9999 -9999
-9999 -9999 -9999 -9999 -9999 937.5 1120.10909090909 697.3 472.15 510.74 620.83 577.31 600.76 672.87 662.23 717.43 838.57 1029.58 1045.27 677.18 608.75 931.97 1249.46 1433 1391.62 1215.92 1233.33 1316.93 1815.43 1916.82 2044.95 2234.03 1724.78 1449.18 2161.99 2358.01 2315.87 1716.01 1383.51 1236.26 1335.95 1267.95 1177.43 1760.57 2138.77 2057.67 2061.41 2028.66 2428.46 2429.38 2102.74 2017.99 1823.19 2177.75 2398.56818181818 -9999 -9999
-9999 -9999 -9999 -9999 1152.72972972973 1067.34117647059 831.88 508.52 582.35 648.25 728.43 679.19 766.07 864.59 804.2 1207.4 1244.49 1434.81 1466.64 1223.08 813.32 690.84 1017.35 952.3 1247.12 1851.71 1886.51 1394.21 1521 2307.46 2583.04 2177.54 1715.01 2233.86 1987.57 1657.02 1749.66 2151.91 1807.99 1467.27 1976.1 1754.15 1190.34 1492.71 1763.94 1682.38 2148.05 2496.56 2563.05 2400.2 2058.72 2327.83 2361.48 2391.17894736842 2812.16666666667 -9999 -9999
-9999 -9999 1268.125 1190.61971830986 1261.87 1071.89 630.06 510.86 622.42 808.46 713.47 780.67 915.42 927.19 940.14 1245.92 1499.8 1353.48 1521.72 1425.62 1570.33 1131.9 1622.11 1778 1524.42 1784.86 2690.42 2592.65 2247.2 2484.3 2598.73 2099.45 2182.02 2382.65 2339.11 2265.19 2359.47 2323.83 2211.95 2051.27 2319.26 2203.41 1636.98 2157.02 1710.47 2310.5 2088.16 2564.66 2217.69 2165.37 2573.68918918919 2150.16666666667 2331.7012987013 2168.19 2015.53012048193 -9999 -9999
-9999 -9999 1351.53571428571 1302.86 1056.42 676.47 521.7 415.53 472.22 646.21 721.8 769.23 1153.37 1285.62 1387.23 1543.41 1521.64 1407.92 1670.48 1894.33 1605.26 1643.21 2275.17 2201.79 2747.31 3139.54 3194.05 2802.96 2146.26 2023.32 2490.16 2110.83 1894.49 1810.35 1948.92 1993.92 1465.61 2502.44 2460.31 2204.5 2144.76086956522 2133.95061728395 2057.02197802198 2418.41 2084.26 2616.65 2623.03 2028.17 2453.69 2581.96511627907 2684 -9999 2681.33333333333 2604.52380952381 2622.70833333333 -9999 -9999
-9999 -9999 1264.69565217391 791.68 535.51 401.065217391304 378.380281690141 372.176470588235 372.3 372.257142857143 401.75 427.268041237113 1025.37 1391.89 1330.61 1608.63 1406.2 1754.46 1535.81 2041.38 2266.05 2381.24 2435.35 2564.53 2919.64 2790.09 2216.9 1942.88 2259.01075268817 2524.72340425532 2374.15555555556 2209.12 1890.77 2039.66 1805.49 1347.4 1214.66 1845.07 2327.51 1939.28 2279.53333333333 2284 2338.48484848485 2351.45 2473.47 2284.12 2219.28 2510.98 2512.25 2462.25 2509.78125 2586.25 -9999 -9999 -9999 -9999 -9999
-9999 -9999 510.444444444444 434.265957446808 374.826086956522 370 -9999 -9999 -9999 -9999 1681.42105263158 853.45 727.78 1433.01 1611.17 1851.74 2004.2 2389.44 2169.74 2214.59 1769.75 2126.18 1883.73 2224.41 2141.66 1472.54 1832.79 2030.42268041237 2427.42553191489 -9999 2355.53846153846 1770.25 1413.89 1710.9 1683.88 1747.53 891.65 1637.58 1836.1 1577.59 1842.25373134328 -9999 2652.28571428571 2081.0987654321 1924.83 2276.87628865979 2576.70149253731 2948.04545454545 3241.18421052632 2138.39175257732 2073.17808219178 2778.33333333333 -9999 -9999 -9999 -9999 -9999
-9999 446.25 432.877551020408 389.808080808081 455.277777777778 -9999 -9999 -9999 -9999 -9999 -9999 1435.83050847458 576.73 834.04 1633.29 2190.32 1658.01 1297.6 975.32 961.39 1477.05 1593.45 1742.26 1230.02 1583.43 1852.36 2556.50793650794 2592.92307692308 -9999 -9999 1958.69565217391 1626.26 1392.26 1119.81 1441.57 1534.58 1543.83 1013.72 1287.64 1230.37 1885.45714285714 -9999 -9999 2101.6 2395.03333333333 2841.12 -9999 -9999 -9999 2049.38 1610.69473684211 2151.22222222222 -9999 -9999 -9999 -9999 -9999
470 421.095744680851 416.92 417.267605633803 459.3125 -9999 -9999 -9999 -9999 -9999 1853.25 1532.48484848485 1706.22 1042.95 2044.37 1034.52 993.05 1299.23 1478.54 2338.02 1984.64 2560.16 2377.56 1926.61 2387.06 2430.93 1932 1794.4 -9999 -9999 -9999 1655.54166666667 1149.22340425532 844.07 725.05 655.16 946.86 611.37 1246.73737373737 1662.64814814815 -9999 -9999 -9999 -9999 -9999 -9999 -9999 -9999 -9999 2422.66666666667 1869.6 -9999 -9999 -9999 -9999 -9999 -9999
-9999 426.7 473.8 -9999 -9999 -9999 -9999 -9999 -9999 -9999 1876.25 2014.8 2101.31632653061 1142.15 837.38 1313.42 2189.25 2439.66 2290.09 2239.9 2519.26 3122.41 2294.73 3301.9 2282.71 2925.28915662651 2199.57142857143 -9999 -9999 -9999 -9999 -9999 1136.05263157895 847.596153846154 412.118644067797 1121.77777777778 737.67 1225.84 1635.93939393939 -9999 -9999 -9999 -9999 -9999 -9999 -9999 -9999 -9999 -9999 -9999 -9999 -9999 -9999 -9999 -9999 -9999 -9999
-9999 -9999 -9999 -9999 -9999 -9999 -9999 -9999 -9999 -9999 -9999 2358.66666666667 1775.55 2284.79120879121 1685.15 1777.93 2212.42 2668.3 2848.4 2661.40816326531 3051.82828282828 2805.01 2394.55 3194.25252525253 2843.88888888889 2824.85714285714 -9999 -9999 -9999 -9999 -9999 -9999 -9999 -9999 613.285714285714 810.011627906977 414.05 800.632653061224 1666 -9999 -9999 -9999 -9999 -9999 -9999 -9999 -9999 -9999 -9999 -9999 -9999 -9999 -9999 -9999 -9999 -9999 -9999
-9999 -9999 -9999 -9999 -9999 -9999 -9999 -9999 -9999 -9999 -9999 -9999 -9999 2926.3 2128.12 2164.79 3057.8 2713.6091954023 3058.19047619048 3074.05263157895 3078.375 3047.03125 2893.72881355932 3477.60869565217 -9999 -9999 -9999 -9999 -9999 -9999 -9999 -9999 -9999 -9999 -9999 329.444444444444 457.065934065934 929.127272727273 1031 -9999 -9999 -9999 -9999 -9999 -9999 -9999 -9999 -9999 -9999 -9999 -9999 -9999 -9999 -9999 -9999 -9999 -9999
-9999 -9999 -9999 -9999 -9999 -9999 -9999 -9999 -9999 -9999 -9999 -9999 -9999 -9999 2388.60714285714 2449.5 3347.25 -9999 -9999 -9999 -9999 -9999 -9999 -9999 -9999 -9999 -9999 -9999 -9999 -9999 -9999 -9999 -9999 -9999 -9999 -9999 443.553191489362 587.955882352941 814.666666666667 -9999 -9999 -9999 -9999 -9999 -9999 -9999 -9999 -9999 -9999 -9999 -9999 -9999 -9999 -9999 -9999 -9999 -9999
-9999 -9999 -9999 -9999 -9999 -9999 -9999 -9999 -9999 -9999 -9999 -9999 -9999 -9999 -9999 -9999 -9999 -9999 -9999 -9999 -9999 -9999 -9999 -9999 -9999 -9999 -9999 -9999 -9999 -9999 -9999 -9999 -9999 -9999 -9999 -9999 -9999 -9999 -9999 -9999 -9999 -9999 -9999 -9999 -9999 -9999 -9999 -9999 -9999 -9999 -9999 -9999 -9999 -9999 -9999 -9999 -9999
-9999 -9999 -9999 -9999 -9999 -9999 -9999 -9999 -9999 -9999 -9999 -9999 -9999 -9999 -9999 -9999 -9999 -9999 -9999 -9999 -9999 -9999 -9999 -9999 -9999 -9999 -9999 -9999 -9999 -9999 -9999 -9999 -9999 -9999 -9999 -9999 -9999 -9999 -9999 -9999 -9999 -9999 -9999 -9999 -9999 -9999 -9999 -9999 -9999 -9999 -9999 -9999 -9999 -9999 -9999 -9999 -9999
